-1.0141584688394942 -0.4249694404544151 -0.6578475466579203
-0.9859039685110026 -0.541869055864125 -0.6842771814597086
-0.3209321149040407 9.274263233481836 -1.6974395390778412
-1.362580130345415 8.966793704179373 -1.1343150203093026
1.512481477881768 1.495755663045773 -4.914877167982655
-1.1257510802229422 -1.6588172310834413 -3.2087593182775787
-0.19061487523987553 -1.113557645555861 -4.079435752182694
2.597886410370216 10.524902081253954 -2.20120108043366
4.029749150857778 8.476596595146663 -3.9753757952729436
5.151636445665047 9.238227514701157 -2.88958558903888
-0.20978854554109067 6.569830086632663 -1.7457807062577002
-6.717862601287649 12.974773174592608 -6.100023795911721
-6.929255770169574 11.756425914762424 -4.135270997223037
-8.033971369516898 8.584824371592 -4.149637158958185
-1.0453459841925363 5.4300048603654645 1.1850413410745793
-3.4800494655243175 3.3486706032751616 -1.7441732903355494
-2.754751597040695 5.79752505235 -1.6576351483634206
-1.5661220936787374 5.256605212582938 -3.499313516913382
-1.0674972677990517 6.622614965268005 -2.7422061222583727
-5.695546695341751 3.3922583915563496 -3.3814152868887106
-6.8569398821238705 1.755573096240025 0.5784263497603424
-2.538346263611527 1.0492635317713317 1.3767214437002178
2.4168981285003532 3.3433676558582066 2.148839958564893
4.235457332901853 6.0012569226421535 -0.7354419890970976
0.4739954584770891 4.266302940798084 -4.012194118082476
-1.9574899826895973 4.625210798561677 -4.508304304346206
-3.062334742441667 4.881352389022637 -3.6359830697023514
-2.5238745038108488 6.301433069021556 -0.19807817074733913
-0.6087782150749574 6.188824984987415 0.8380628119935674
-2.180381423944527 4.913567065718518 1.3904552180295315
-2.6886862785427748 3.345698348775611 -1.9841880160228178
-1.9970281951764082 3.2119246404883013 -1.4012217795897266
-1.8287425262278374 2.5922851762417927 -1.7727747781804082
-1.1338312281656848 2.8001526143768203 -0.7933378569832921
-1.155629529670153 2.6022330303683567 -0.6384958913513259
-0.8941392665361971 3.2718992446148425 -1.5317644108424238
-0.5126955500171402 5.349190817169186 -0.3686987901476022
-1.251300101937839 6.0174807094089955 -2.092131740239166
-7.583287923239643 3.8634752793096445 -5.0377993330711375
-6.8486606292858845 4.910547610316521 -0.8686892931639423
-8.504086451922971 4.252070840478726 -0.08507402273843301
-4.532900241625031 4.221418158505756 1.8972900396026455
-5.245103469715801 3.7119628000745943 -2.781938473352009
-4.247364230660621 -0.4995886222860513 -0.2261983831916734
2.220316088913094 0.2868038775916313 -0.04171032519317586
5.121269474476007 -2.7688196768027105 3.144756592165349
3.642161281147413 -3.9764192274211307 0.3534681274892313
-0.4170097687870289 -4.092621350875541 3.727474913219945
-2.016244921713713 -3.4307192607854144 2.3440383621916525
1.421121271457415 2.1293271900703616 2.0242703073273844
4.788420952771013 -0.1857751588766794 -0.638688458856369
5.878986288043389 -0.9126527777668256 1.2044441217317872
6.019482797694133 -2.9712654479198273 3.661866645217921
2.536576020934446 -0.21490626327454088 3.2978492180353896
-0.11973515334627338 -1.636868298333737 -2.3990724709887212
1.3238815110118902 -0.3204446092870423 -4.161079512065935
7.967424928410997 1.6444050983485234 -4.5537297360637154
9.654227355852527 4.861054468897764 -2.0815486429740733
7.994287724019535 5.8195438291671175 -1.8121631972329248
2.1942716350889664 3.216580187882391 -0.8762866565559647
3.714178027278514 3.6455372352515436 -0.3064365509563187
3.854005839464648 3.3731220093123166 -2.2384951452755297
3.4870873425408426 3.5460415623906707 -3.950176035225761
3.003421470850873 1.5776696276619013 -4.028747793607552
1.2963404870313933 -4.895286714194224 -2.667236750033862
-0.01749001973587938 -8.322787034920136 0.5515342458425483
-0.8480711353958679 -7.40812422519833 1.7710127942684637
1.3845960440504022 -7.901257827769816 2.0676357251667694
1.3705104110244626 -1.7521473704952228 0.7251864277543122
0.8996708449229538 -1.2574190326998917 -0.7291770533281139
-1.2945904559235795 2.5229676885235275 2.2046528846303897
-0.06629284222005283 1.887081645382196 0.059036871577040184
0.17593225172779237 -1.467759960185632 0.13858550705202805
-0.31193455981587737 1.0198450906128083 -4.130312464260766
0.9907903848885984 -0.7547576327650822 -2.780100277118795
-2.2039305393043995 -2.1921375430392867 -5.301285843771399
0.7879196212792149 -0.5769490346068644 -2.5185754188054736
6.249672931569454 -4.082484816371572 -6.139921930782173
3.761328100251852 -6.8953709112420825 3.356670019339947
4.779550478995802 -9.528899988970679 0.3303161596672495
-2.472327938256592 -8.516364699003816 7.7425725487244454
1.0390248173901258 -0.7377243366819225 1.450828576705196
-1.3248335208120037 0.3551294905418033 3.1293268332924904
-3.3570226157981233 0.8894355301948293 -1.656754691278835
-4.469318120517739 -4.0433644481435405 -4.0897897385789355
-2.6566139617149975 -6.201297319127318 -5.425744247754321
-2.3657933903314645 -4.898186934618978 -3.1289141547091535
-1.741750388533804 2.367939876645245 0.9687950086416515
-2.5978198433682342 2.677123976033609 3.271382648386056
2.7393299962901603 5.259406248641495 4.979132642567542
6.6596975194922035 0.5114942702262132 6.983438141749374
6.416614419672664 1.6534289741218926 6.952569036196333
2.4700790278107165 -1.2814153485313795 4.655959023012743
1.6267563122916806 1.7270022847563724 4.203767206574798
2.5166445454682145 -3.1579437853160117 4.5494876989277415
3.239741970251888 -7.172879193000102 1.6251042868174845
-0.16061986660124195 -6.907762880675376 0.480471765358768
-0.647776114514524 -0.21255376537797444 0.5967749483412912
